79
80
80
80
80
80
80
80
80
80
80
80
80
80
80
80
80
80
80
80
80
80
80
80
80
80
80
81
85
80
80
80
80
80
80
80
81
78
81
82
81
82
80
80
80
80
80
80
80
80
80
80
80
80
80
80
80
80
80
80
80
80
80
80
80
80
80
80
80
80
80
80
80
80
80
80
80
80
80
80
80
80
80
80
80
80
80
80
80
80
80
80
80
80
80
80
82
177
145
202
194
347
333
472
479
536
565
509
605
391
575
462
617
587
675
601
638
667
579
642
534
607
533
500
574
463
410
340
483
511
554
430
354
345
276
215
174
205
162
123
147
115
92
99
107
100
93
92
82
78
82
81
80
81
82
79
80
80
80
80
80
80
80
80
80
80
80
80
80
80
80
80
80
80
80
80
80
80
80
80
80
80
80
80
80
80
80
80
80
80
80
80
80
80
80
80
80
80
80
80
80
80
80
80
80
80
80
80
80
80
80
80
80
80
80
80
80
80
80
80
173
132
124
165
159
147
103
108
86
88
80
176
489
655
649
558
664
665
521
641
670
502
556
470
630
532
500
414
584
503
475
367
368
364
267
315
300
313
229
216
175
153
188
194
180
189
141
102
89
88
82
80
77
75
80
80
80
80
80
80
80
80
80
80
80
80
80
80
80
80
80
80
80
80
80
80
80
80
80
80
80
80
80
80
80
80
80
80
80
80
80
80
80
80
80
80
80
80
80
80
80
80
80
80
80
80
80
80
80
80
80
80
80
80
80
80
80
80
80
80
80
80
80
80
80
80
80
80
80
80
80
80
80
80
80
80
82
80
80
80
80
80
80
80
80
86
81
281
325
292
310
334
256
331
280
302
357
323
406
481
631
835
689
713
646
720
578
594
445
563
437
442
425
349
358
341
348
350
259
206
186
187
140
122
118
108
102
107
100
93
73
73
84
82
77
76
83
80
80
80
80
80
80
80
80
80
80
80
80
80
80
80
80
80
80
80
80
80
80
80
80
80
80
80
80
80
80
80
80
80
80
80
80
80
80
80
80
80
80
80
80
80
80
80
80
80
80
80
80
80
80
80
80
80
80
80
80
80
80
80
80
80
80
80
80
80
80
80
80
80
80
80
80
80
80
80
80
80
80
80
80
80
80
80
80
80
80
80
80
80
80
80
80
80
80
80
80
80
80
80
80
80
80
80
80
85
182
266
336
369
322
395
335
434
409
432
441
426
405
307
270
287
315
319
284
273
310
304
294
361
260
206
222
202
169
196
176
144
165
138
120
112
88
81
78
80
80
88
81
79
80
80
80
80
80
80
77
80
80
80
80
80
80
80
80
80
80
80
80
80
80
80
80
80
80
80
80
80
80
80
80
80
80
80
80
80
80
80
80
80
80
80
80
80
80
80
80
80
80
80
80
80
80
80
80
80
80
80
80
80
80
80
80
80
80
80
80
80
80
80
80
80
80
80
80
80
80
80
80
80
80
80
80
80
80
80
80
80
80
80
80
80
80
80
80
80
80
80
80
80
80
80
80
80
80
79
77
288
351
370
426
543
596
782
765
823
908
893
905
685
687
539
593
579
458
616
545
701
537
584
535
476
600
494
524
393
409
444
394
362
327
339
253
250
190
175
94
124
71
84
80
83
77
81
81
81
76
81
79
79
80
80
80
80
80
80
80
80
80
80
80
80
80
80
80
80
80
80
80
80
80
80
80
80
80
80
80
80
80
80
80
80
80
80
80
80
80
80
80
80
80
80
80
129
79
80
80
80
80
80
80
80
87
217
80
90
80
80
80
80
80
80
80
80
80
80
80
80
80
80
80
80
80
80
80
80
80
80
80
80
80
86
82
84
80
92
84
85
85
96
125
109
124
112
113
128
133
164
197
161
125
136
121
129
144
114
104
148
361
368
461
437
508
433
519
447
443
432
341
293
191
118
111
91
89
84
80
79
83
136
124
84
111
116
112
132
122
109
100
87
89
93
90
99
88
79
80
83
82
80
79
80
80
80
80
80
80
80
80
80
80
80
80
80
80
80
80
80
80
80
80
80
80
80
80
80
80
80
80
80
80
80
80
80
80
80
80
80
80
80
80
78
80
80
80
80
80
80
80
80
80
80
80
80
80
80
80
83
80
80
80
80
80
80
80
80
80
80
82
75
79
82
80
82
77
80
87
80
89
94
95
80
79
103
86
93
90
93
85
263
339
453
496
543
561
560
654
593
451
407
277
229
170
126
144
172
141
146
164
196
156
115
159
152
134
127
122
124
100
99
93
71
86
79
80
80
