0
0
0
0
0
0
0
0
0
0
0
0
0
0
0
0
0
0
0
0
0
0
0
0
0
0
0
0
0
0
0
0
0
0
0
0
0
0
0
0
0
0
0
0
0
0
0
0
0
0
0
0
0
0
0
0
0
0
0
0
0
0
0
0
0
0
0
0
0
0
0
0
0
0
0
0
0
0
0
0
0
0
0
0
0
0
0
0
0
0
0
0
0
0
0
0
1
4
9
4
3
7
7
6
6
5
6
5
6
8
18
26
31
24
29
30
20
29
23
16
12
12
18
13
20
19
18
6
5
6
4
4
5
5
6
2
5
5
6
6
4
4
4
2
2
2
10
2
4
2
2
0
0
0
0
0
0
0
0
0
0
0
0
0
0
0
0
0
0
0
0
0
0
0
0
0
0
0
0
0
0
0
0
0
0
0
0
0
0
0
0
0
0
0
0
0
0
0
0
0
0
0
0
0
0
0
0
0
0
0
0
0
0
0
0
0
0
0
0
0
32
34
26
37
28
30
12
26
10
2
6
9
5
13
16
13
24
14
13
16
10
11
14
13
11
9
10
7
8
6
5
10
2
6
2
3
4
2
6
4
4
4
5
5
6
4
4
2
0
0
0
0
0
0
0
0
0
0
0
0
0
0
0
0
0
0
0
0
0
0
0
0
0
0
0
0
0
0
0
0
0
0
0
0
0
0
0
0
0
0
0
0
0
0
0
0
0
0
0
0
0
0
0
0
0
0
0
0
0
0
0
0
0
0
0
0
0
0
0
0
0
0
0
0
0
0
0
0
0
0
0
0
0
0
0
0
0
0
0
0
0
0
0
0
0
2
6
5
6
6
8
14
13
14
14
10
11
9
22
22
27
29
29
30
24
24
25
28
17
19
22
13
16
22
15
9
14
6
15
10
10
4
8
13
6
4
14
6
4
6
4
0
0
0
0
0
0
0
0
0
0
0
0
0
0
0
0
0
0
0
0
0
0
0
0
0
0
0
0
0
0
0
0
0
0
0
0
0
0
0
0
0
0
0
0
0
0
0
0
0
0
0
0
0
0
0
0
0
0
0
0
0
0
0
0
0
0
0
0
0
0
0
0
0
0
0
0
0
0
0
0
0
0
0
0
0
0
0
0
0
0
0
0
0
0
0
0
0
0
0
0
0
0
0
0
0
0
0
0
0
0
0
0
0
0
0
10
5
8
6
6
6
7
8
5
6
6
6
6
6
10
2
5
8
6
7
8
4
14
13
14
15
12
8
18
18
19
14
20
20
16
15
4
0
0
0
0
0
0
0
0
0
0
0
0
0
0
0
0
0
0
0
0
0
0
0
0
0
0
0
0
0
0
0
0
0
0
0
0
0
0
0
0
0
0
0
0
0
0
0
0
0
0
0
0
0
0
0
0
0
0
0
0
0
0
0
0
0
0
0
0
0
0
0
0
0
0
0
0
0
0
0
0
0
0
0
0
0
0
0
0
0
0
0
0
0
0
0
0
0
0
0
0
0
0
0
0
0
0
0
0
0
0
0
0
0
4
6
12
14
16
18
18
17
18
16
19
17
18
17
18
18
19
20
19
18
18
17
20
17
22
19
18
22
22
26
21
30
28
33
27
28
23
22
19
6
12
4
4
2
0
0
0
0
0
0
0
0
0
0
0
0
0
0
0
0
0
0
0
0
0
0
0
0
0
0
0
0
0
0
0
0
0
0
0
0
0
0
0
0
0
0
0
0
0
0
0
0
0
0
0
0
0
12
0
0
0
0
0
0
0
0
0
2
2
0
0
0
0
0
0
0
0
0
0
0
0
0
0
0
0
0
0
0
0
0
0
0
0
0
0
0
0
2
2
8
2
2
4
17
28
26
24
24
32
41
31
42
53
42
37
39
28
30
40
32
20
17
10
19
18
28
22
26
27
28
23
24
24
18
12
11
8
6
10
2
0
0
0
11
10
12
24
28
29
30
36
20
22
10
10
16
8
12
12
2
2
0
0
0
0
0
0
0
0
0
0
0
0
0
0
0
0
0
0
0
0
0
0
0
0
0
0
0
0
0
0
0
0
0
0
0
0
0
0
0
0
0
0
0
0
0
0
0
0
0
0
0
0
0
0
0
0
0
0
0
0
0
0
0
0
0
0
0
0
0
0
0
0
0
0
0
2
0
0
0
0
2
6
16
12
0
2
16
4
12
8
11
0
14
25
30
30
26
28
26
24
25
21
18
18
6
4
8
10
10
4
12
9
14
22
6
6
9
4
2
4
6
4
2
4
0
0
0
0
0
